(0, 1, 0) pad_l[0] 
(0, 1, 1) pad_l[1] 
(0, 2, 0) pad_l[2] 
(0, 2, 1) pad_l[3] 
(0, 3, 0) pad_l[4] 
(0, 3, 1) pad_l[5]
(0, 4, 0) pad_l[6] 
(0, 4, 1) pad_l[7]
(0, 5, 0) pad_l[8] 
(0, 5, 1) pad_l[9]
(0, 6, 0) pad_l[10] 
(0, 6, 1) pad_l[11]
(0, 7, 0) pad_l[12] 
(0, 7, 1) pad_l[13]
(0, 8, 0) pad_l[14] 
(0, 8, 1) pad_l[15] 
(1, 0, 0) pad_b[0] 
(1, 0, 1) pad_b[1] 
(2, 0, 0) pad_b[2] 
(2, 0, 1) pad_b[3] 
(3, 0, 0) pad_b[4] 
(3, 0, 1) pad_b[5]
(4, 0, 0) pad_b[6] 
(4, 0, 1) pad_b[7]
(5, 0, 0) pad_b[8] 
(5, 0, 1) pad_b[9]
(6, 0, 0) pad_b[10] 
(6, 0, 1) pad_b[11]
(7, 1, 0) pad_r[0] 
(7, 1, 1) pad_r[1] 
(7, 2, 0) pad_r[2] 
(7, 2, 1) pad_r[3] 
(7, 3, 0) pad_r[4] 
(7, 3, 1) pad_r[5]
(7, 4, 0) pad_r[6] 
(7, 4, 1) pad_r[7]
(7, 5, 0) pad_r[8] 
(7, 5, 1) pad_r[9]
(7, 6, 0) pad_r[10] 
(7, 6, 1) pad_r[11]
(7, 7, 0) pad_r[12] 
(7, 7, 1) pad_r[13]
(7, 8, 0) pad_r[14] 
(7, 8, 1) pad_r[15]
(1, 9, 0) pad_t[0] 
(1, 9, 1) pad_t[1] 
(2, 9, 0) pad_t[2] 
(2, 9, 1) pad_t[3] 
(3, 9, 0) pad_t[4] 
(3, 9, 1) pad_t[5]
(4, 9, 0) pad_t[6] 
(4, 9, 1) pad_t[7]
(5, 9, 0) pad_t[8] 
(5, 9, 1) pad_t[9]
(6, 9, 0) pad_t[10] 
(6, 9, 1) pad_t[11]
