           1 111111111111111111111111111111111111111111111111111111111110 0000000000000000000000000000
           2 111111111111111111111111111111111111111111111111111111111111 0000000000000000000000000000
           3 111111111111111111111111111111111111111111111111111111111110 0000000000000000000000000000
           4 111111111111111111111111111111111111111111111111111111111111 0000000000000000000000000000
           5 111111111111111111111111111111111111111111111111111111111100 0000000000000000000000000000
           6 111111111111111111111111111111111111111111111111111111111101 0000000000000000000000000000
           7 111111111111111111111111111111111111111111111111111111111100 0000000000000000000000000000
           8 111111111111111111111111111111111111111111111111111111111101 0000000000000000000000000000
           9 111111111111111111111111111111111111111111111111111111111100 0000000000000000000000000000
          10 111111111111111111111111111111111111111111111111111111111101 0000000000000000000000000010
          11 111111111111111111111111111111111111111111111111111111111100 0000000000000000000000000010
          12 111111111111111111111111111111111111111111111111111111111101 0000000000000000000000000010
          13 111111111111111111111111111111111111111111111111111111111100 0000000000000000000000000010
          14 111111111111111111111111111111111111111111111111111111111101 0000000000000000000000000010
          15 111111111111111111111111111111111111111111111111111111111100 0000000000000000000000000010
          16 111111111111111111111111111111111111111111111111111111111101 0000000000000000000000000010
          17 111111111111111111111111111111111111111111111111111111111100 0000000000000000000000000010
          18 111111111111111111111111111111111111111111111111111111111101 0000000000000000000000000010
          19 111111111111111111111111111111111111111111111111111111111100 0000000000000000000000000010
          20 111111111111111111111111111111111111111111111111111111111101 0000000000000000000000000010
          21 111111111111111111111111111111111111111111111111111111011100 0000000000000000000000000010
          22 111111111111111111111111111111111111111111111111111111011101 0000000000000000000000000010
          23 111111111111111111111111111111111111111111111111111111011100 0000000000000000000000000010
          24 111111111111111111111111111111111111111111111111111111011101 0000000000000000000000000010
          25 111111111111111111111111111111111111111111111111111111011100 0000000000000000000000000010
          26 111111111111111111111111111111111111111111111111111111011101 0000000000000000000000000000
          27 111111111111111111111111111111111111111111111111111111011100 0000000000000000000000000000
          28 111111111111111111111111111111111111111111111111111111011101 0000000000000000000000000000
          29 111111111111111111111111111111111111111111111111111111011100 0000000000000000000000000000
          30 111111111111111111111111111111111111111111111111111111011101 0000000000000000000000000000
          31 111111111111111111111111111111111111111111111111111111011100 0000000000000000000000000000
          32 111111111111111111111111111111111111111111111111111111011101 0000000000000000000000000000
          33 111111111111111111111111111111111111111111111111111111011100 0000000000000000000000000000
          34 111111111111111111111111111111111111111111111111111111011101 0000000000000000000000000000
          35 111111111111111111111111111111111111111111111111111111011100 0000000000000000000000000000
          36 111111111111111111111111111111111111111111111111111111011101 0000000000000000000000000000
          37 111111111111111111111111111111111111111111111111111111100100 0000000000000000000000000000
          38 111111111111111111111111111111111111111111111111111111100101 0000000000000000000000000000
          39 111111111111111111111111111111111111111111111111111111100100 0000000000000000000000000000
          40 111111111111111111111111111111111111111111111111111111100101 0000000000000000000000000000
          41 111111111111111111111111111111111111111111111111111111100100 0000000000000000000000000000
          42 111111111111111111111111111111111111111111111111111111100101 1111111110111111100000000010
          43 111111111111111111111111111111111111111111111111111111100100 1111111110111111100000000010
          44 111111111111111111111111111111111111111111111111111111100101 1111111110111111100000000010
          45 111111111111111111111111111111111111111111111111111111100100 1111111110111111100000000010
          46 111111111111111111111111111111111111111111111111111111100101 1111111110111111100000000010
          47 111111111111111111111111111111111111111111111111111111100100 1111111110111111100000000010
          48 111111111111111111111111111111111111111111111111111111100101 1111111110111111100000000010
          49 111111111111111111111111111111111111111111111111111111100100 1111111110111111100000000010
          50 111111111111111111111111111111111111111111111111111111100101 1111111110111111100000000010
          51 111111111111111111111111111111111111111111111111111111100100 1111111110111111100000000010
          52 111111111111111111111111111111111111111111111111111111100101 1111111110111111100000000010
          53 111111111111111111111111111111111111111111111111111111000100 1111111110111111100000000010
          54 111111111111111111111111111111111111111111111111111111000101 1111111110111111100000000010
          55 111111111111111111111111111111111111111111111111111111000100 1111111110111111100000000010
          56 111111111111111111111111111111111111111111111111111111000101 1111111110111111100000000010
          57 111111111111111111111111111111111111111111111111111111000100 1111111110111111100000000010
          58 111111111111111111111111111111111111111111111111111111000101 0000000000000000000000000000
          59 111111111111111111111111111111111111111111111111111111000100 0000000000000000000000000000
          60 111111111111111111111111111111111111111111111111111111000101 0000000000000000000000000000
          61 111111111111111111111111111111111111111111111111111111000100 0000000000000000000000000000
          62 111111111111111111111111111111111111111111111111111111000101 0000000000000000000000000000
          63 111111111111111111111111111111111111111111111111111111000100 0000000000000000000000000000
          64 111111111111111111111111111111111111111111111111111111000101 0000000000000000000000000000
          65 111111111111111111111111111111111111111111111111111111000100 0000000000000000000000000000
          66 111111111111111111111111111111111111111111111111111111000101 0000000000000000000000000000
          67 111111111111111111111111111111111111111111111111111111000100 0000000000000000000000000000
          68 111111111111111111111111111111111111111111111111111111000101 0000000000000000000000000000
